2.	1.4688250542459158
2.0100000000000002	1.4722686993676786
2.02	1.4756889645574227
2.0300000000000002	1.4790854055105032
2.04	1.4824575790239873
2.0500000000000003	1.4858050431424399
2.06	1.4891273573048067
2.0700000000000003	1.492424082492291
2.08	1.495694781377166
2.0900000000000003	1.4989390184724136
2.1	1.5021563602821264
2.1100000000000003	1.5053463754525647
2.12	1.5085086349237957
2.1300000000000003	1.5116427120818072
2.14	1.5147481829110196
2.1500000000000004	1.5178246261470787
2.16	1.5208716234298596
2.1700000000000004	1.523888759456559
2.18	1.5268756221347959
2.1900000000000004	1.5298318027356026
2.2	1.5327568960462201
2.21	1.5356505005225887
2.22	1.538512218441423
2.23	1.5413416560517823
2.24	1.5441384237260163
2.25	1.5469021361099888
2.2600000000000002	1.5496324122724723
2.27	1.5523288758536002
2.2800000000000002	1.55499115521228
2.29	1.5576188835724545
2.3000000000000003	1.5602116991680974
2.31	1.5627692453868536
2.3200000000000003	1.5652911709121993
2.33	1.567777129864024
2.3400000000000003	1.5702267819375304
2.35	1.5726397925403401
2.3600000000000003	1.575015832927705
2.37	1.5773545803357198
2.3800000000000003	1.5796557181124324
2.39	1.5819189358467463
2.4000000000000004	1.5841439294950244
2.41	1.586330401505284
2.4200000000000004	1.588478060938891
2.43	1.5905866235896569
2.4400000000000004	1.5926558121002419
2.45	1.5946853560757723
2.4600000000000004	1.5966749921945877
2.47	1.5986244643160143
2.48	1.6005335235850937
2.49	1.602401928534179
2.5	1.6042294451813062
2.5100000000000002	1.6060158471252766
2.52	1.6077609156373667
2.5300000000000002	1.609464439749589
2.54	1.6111262163394395
2.5500000000000003	1.612746050211055
2.56	1.6143237541727333
2.5700000000000003	1.6158591491107217
2.58	1.617352064059256
2.5900000000000003	1.6188023362667605
2.6	1.6202098112581735
2.6100000000000003	1.6215743428933498
2.62	1.6228957934214896
2.6300000000000003	1.62417403353155
2.64	1.6254089423986096
2.6500000000000004	1.6266004077261502
2.66	1.6277483257842145
2.6700000000000004	1.628852601443422
2.68	1.6299131482048241
2.6900000000000004	1.630929888225565
2.7	1.6319027523403427
2.7100000000000004	1.6328316800786578
2.72	1.633716619677836
2.7300000000000004	1.6345575280918287
2.74	1.63535437099578
2.75	1.6361071227863777
2.7600000000000002	1.6368157665779766
2.77	1.6374802941945306
2.7800000000000002	1.6381007061573167
2.79	1.638677011668503
2.8000000000000003	1.6392092285905535
2.81	1.6396973834215127
2.8200000000000003	1.6401415112661988
2.83	1.6405416558033277
2.8400000000000003	1.6408978692486154
2.85	1.6412102123138959
2.8600000000000003	1.6414787541622935
2.87	1.6417035723595017
2.8800000000000003	1.641884752821216
2.89	1.6420223897567767
2.9000000000000004	1.642116585609074
2.91	1.6421674509907724
2.9200000000000004	1.642175104616934
2.93	1.6421396732340743
2.9400000000000004	1.6420612915457555
2.95	1.6419401021347553
2.9600000000000004	1.641776255381907
2.97	1.6415699093816682
2.9800000000000004	1.6413212298545203
2.99	1.6410303900562464
3.0000000000000004	1.6406975706842029
3.0100000000000002	1.6403229597806408
3.02	1.6399067526331876
3.0300000000000002	1.639449151672555
3.04	1.6389503663675786
3.0500000000000003	1.6384106131176768
3.06	1.6378301151428118
3.0700000000000003	1.6372091023710604
3.08	1.636547811323883
3.0900000000000003	1.6358464849991816
3.1	1.6351053727522566
3.1100000000000003	1.6343247301747497
3.12	1.6335048189716743
3.1300000000000003	1.632645906836632
3.14	1.6317482673253192
3.1500000000000004	1.630812179727419
3.16	1.629837928936975
3.1700000000000004	1.6288258053213618
3.18	1.627776104588932
3.1900000000000004	1.626689127655459
3.2	1.6255651805094613
3.2100000000000004	1.6244045740765183
3.22	1.623207624082669
3.2300000000000004	1.6219746509169954
3.24	1.6207059794934915
3.2500000000000004	1.6194019391123105
3.2600000000000002	1.6180628633204863
3.2700000000000005	1.616689089772233
3.2800000000000002	1.6152809600889035
3.29	1.6138388197187132
3.3000000000000003	1.612363017796314
3.31	1.610853907002314
3.3200000000000003	1.6093118434228233
3.33	1.6077371864091294
3.3400000000000003	1.6061302984375738
3.35	1.6044915449697248
3.3600000000000003	1.6028212943129267
3.37	1.6011199174813049
3.3800000000000003	1.5993877880573122
3.39	1.5976252820538925
3.4000000000000004	1.5958327777773345
3.41	1.5940106556908957
3.4200000000000004	1.5921592982792712
3.43	1.5902790899139665
3.4400000000000004	1.5883704167196548
3.45	1.5864336664415846
3.4600000000000004	1.5844692283140938
3.47	1.582477492930301
3.4800000000000004	1.5804588521130314
3.49	1.578413698787039
3.5000000000000004	1.5763424268525679
3.5100000000000002	1.5742454310603355
3.5200000000000005	1.5721231068879533
3.5300000000000002	1.569975850417863
3.5400000000000005	1.5678040582168205
3.5500000000000003	1.5656081272169864
3.5600000000000005	1.5633884545986434
3.5700000000000003	1.5611454376746126
3.58	1.5588794737763783
3.5900000000000003	1.5565909601419763
3.6	1.5542802938056743
3.6100000000000003	1.5519478714894768
3.62	1.5495940894964855
3.6300000000000003	1.5472193436061394
3.64	1.544824028971374
3.6500000000000004	1.5424085400177003
3.66	1.5399732703442561
3.6700000000000004	1.5375186126268146
3.68	1.5350449585228034
3.6900000000000004	1.5325526985783235
3.7	1.5300422221371988
3.7100000000000004	1.5275139172520567
3.72	1.5249681705974603
3.7300000000000004	1.522405367385096
3.74	1.5198258912810225
3.7500000000000004	1.5172301243249913
3.7600000000000002	1.5146184468518376
3.7700000000000005	1.511991237414944
3.7800000000000002	1.5093488727117805
3.7900000000000005	1.506691727511517
3.8000000000000003	1.5040201745847108
3.8100000000000005	1.50133458463505
3.8200000000000003	1.4986353262331695
3.8300000000000005	1.4959227657525125
3.8400000000000003	1.4931972673072413
3.85	1.4904591926921837
3.8600000000000003	1.4877089013248044
3.87	1.4849467501891866
3.8800000000000003	1.4821730937820148
3.89	1.4793882840605492
3.9000000000000004	1.476592670392556
3.91	1.4737865995082042
3.9200000000000004	1.4709704154538903
3.93	1.468144459547985
3.9400000000000004	1.465309070338477
3.95	1.4624645835624903
3.9600000000000004	1.4596113321076651
3.97	1.4567496459753713
3.9800000000000004	1.453879852245731
3.99	1.4510022750444393
4.	1.4481172355113425
4.010000000000001	1.4452250517707619
4.0200000000000005	1.4423260389035324
4.03	1.4394205089207357
4.04	1.436508770739093
4.050000000000001	1.4335911301580027
4.0600000000000005	1.4306678898381833
4.07	1.427739349281905
4.08	1.424805804814779
4.090000000000001	1.4218675495690727
4.1000000000000005	1.4189248734685287
4.11	1.4159780632146564
4.12	1.413027402274464
4.13	1.4100731708696133
4.140000000000001	1.4071156459669516
4.15	1.404155101270409
4.16	1.4011918072142193
4.17	1.3982260309574437
4.180000000000001	1.3952580363797604
4.19	1.3922880840784972
4.2	1.3893164313668753
4.21	1.3863433322734366
4.220000000000001	1.3833690375426213
4.23	1.3803937946364724
4.24	1.3774178477374337
4.25	1.3744414377522178
4.260000000000001	1.3714648023167042
4.2700000000000005	1.3684881758018563
4.28	1.3655117893206128
4.29	1.3625358707357358
4.300000000000001	1.3595606446685782
4.3100000000000005	1.3565863325087573
4.32	1.353613152424691
4.33	1.3506413193749809
4.340000000000001	1.347671045120606
4.3500000000000005	1.344702538237915
4.36	1.3417360041323714
4.37	1.338771645053043
4.380000000000001	1.3358096601077984
4.390000000000001	1.3328502452791926
4.4	1.3298935934410099
4.41	1.3269398943754473
4.42	1.3239893347909057
4.430000000000001	1.3210420983403723
4.44	1.3180983656403655
4.45	1.315158314290421
4.46	1.3122221188930976
4.470000000000001	1.3092899510744782
4.48	1.3063619795051418
4.49	1.3034383699215923
4.5	1.3005192851481158
4.510000000000001	1.2976048851190414
4.5200000000000005	1.2946953269014083
4.53	1.2917907647179796
4.54	1.288891349970623
4.550000000000001	1.2859972312640142
4.5600000000000005	1.2831085544296514
4.57	1.280225462550166
4.58	1.2773480959839014
4.590000000000001	1.2744765923897559
4.6000000000000005	1.2716110867522594
4.61	1.2687517114068771
4.62	1.2658985960655138
4.630000000000001	1.263051867842213
4.640000000000001	1.2602116512790276
4.65	1.2573780683720488
4.66	1.2545512385975819
4.67	1.2517312789384465
4.680000000000001	1.2489183039103953
4.69	1.2461124255886313
4.7	1.2433137536344185
4.71	1.2405223953217568
4.720000000000001	1.2377384555641289
4.73	1.2349620369412913
4.74	1.2321932397261022
4.75	1.2294321619113797
4.760000000000001	1.2266788992367696
4.7700000000000005	1.2239335452156208
4.78	1.2211961911618487
4.79	1.2184669262167864
4.800000000000001	1.2157458373760073
4.8100000000000005	1.2130330095161073
4.82	1.210328525421445
4.83	1.207632465810825
4.840000000000001	1.204944909364116
4.8500000000000005	1.2022659327488008
4.86	1.1995956106464394
4.87	1.1969340157790505
4.880000000000001	1.1942812189353937
4.890000000000001	1.1916372889971494
4.9	1.1890022929649893
4.91	1.186376295984529
4.920000000000001	1.1837593613721615
4.930000000000001	1.1811515506407582
4.94	1.178552923525236
4.95	1.1759635380079834
4.96	1.1733834503441416
4.970000000000001	1.1708127150867373
4.98	1.16825138511165
4.99	1.1656995116424327
5.	1.1631571442749549