2.	0.5455649896089612
2.0100000000000002	0.5415967140070154
2.02	0.5376195340629781
2.0300000000000002	0.5336337751209196
2.04	0.5296397665826613
2.0500000000000003	0.5256378418450921
2.06	0.5216283382349445
2.0700000000000003	0.5176115969410373
2.08	0.5135879629439914
2.0900000000000003	0.5095577849434383
2.1	0.505521415282732
2.1100000000000003	0.5014792098711844
2.12	0.49743152810384517
2.1300000000000003	0.49337873277884287
2.14	0.48932119001232627
2.1500000000000004	0.48525926915101575
2.16	0.48119334268240577
2.1700000000000004	0.47712378614265155
2.18	0.4730509780221684
2.1900000000000004	0.4689752996689854
2.2	0.4648971351898933
2.21	0.4608168713494262
2.22	0.45673489746672313
2.23	0.45265160531031684
2.24	0.4485673889908996
2.25	0.4444826448521139
2.2600000000000002	0.44039777135942815
2.27	0.43631316898714656
2.2800000000000002	0.43222924010361835
2.29	0.4281463888547024
2.3000000000000003	0.42406502104554983
2.31	0.4199855440207749
2.3200000000000003	0.4159083665430728
2.33	0.4118338986703603
2.3400000000000003	0.4077625516315081
2.35	0.40369473770073083
2.3600000000000003	0.399630870070726
2.37	0.3955713627246155
2.3800000000000003	0.39151663030678724
2.39	0.38746708799270574
2.4000000000000004	0.3834231513577733
2.41	0.37938523624533255
2.4200000000000004	0.3753537586338781
2.43	0.37132913450358107
2.4400000000000004	0.367311779702197
2.45	0.3633021098104556
2.4600000000000004	0.359300540007012
2.47	0.3553074849330533
2.48	0.35132335855665175
2.49	0.34734857403694935
2.5	0.3433835435882706
2.5100000000000002	0.3394286783442523
2.52	0.3354843882220824
2.5300000000000002	0.3315510817869411
2.54	0.3276291661167371
2.5500000000000003	0.3237190466672297
2.56	0.31982112713763106
2.5700000000000003	0.31593580933677873
2.58	0.3120634930499741
2.5900000000000003	0.3082045759065752
2.6	0.30435945324843555
2.6100000000000003	0.3005285179992819
2.62	0.29671216053511784
2.6300000000000003	0.2929107685557455
2.64	0.2891247269574889
2.6500000000000004	0.2853544177072136
2.66	0.28160021971772214
2.6700000000000004	0.2778625087246103
2.68	0.27414165716467465
2.6900000000000004	0.2704380340559455
2.7	0.266752004879432
2.7100000000000004	0.2630839314626531
2.72	0.259434171865037
2.7300000000000004	0.25580308026526183
2.74	0.25219100685061274
2.75	0.24859829770842495
2.7600000000000002	0.2450252947196851
2.77	0.2414723354548576
2.7800000000000002	0.2379397530720035
2.79	0.23442787621724986
2.8000000000000003	0.23093702892767937
2.81	0.2274675305366876
2.8200000000000003	0.22401969558187568
2.83	0.22059383371552455
2.8400000000000003	0.21719024961770442
2.85	0.21380924291206885
2.8600000000000003	0.21045110808437653
2.87	0.20711613440378926
2.8800000000000003	0.2038046058469808
2.89	0.2005168010250998
2.9000000000000004	0.19725299311361655
2.91	0.1940134497850926
2.9200000000000004	0.19079843314489672
2.93	0.18760819966989722
2.9400000000000004	0.18444300015015308
2.95	0.18130307963362646
2.9600000000000004	0.17818867737393368
2.97	0.17510002678114983
2.9800000000000004	0.17203735537568163
2.99	0.16900088474521435
3.0000000000000004	0.1659908305047458
3.0100000000000002	0.16300740225970378
3.02	0.16005080357215667
3.0300000000000002	0.1571212319301079
3.04	0.15421887871987777
3.0500000000000003	0.15134392920155926
3.06	0.1484965624875425
3.0700000000000003	0.14567695152409504
3.08	0.14288526307598282
3.0900000000000003	0.1401216577141146
3.1	0.13738628980619105
3.1100000000000003	0.13467930751033586
3.12	0.13200085277168586
3.1300000000000003	0.12935106132191057
3.14	0.12673006268163556
3.1500000000000004	0.12413798016573764
3.16	0.12157493089147538
3.1700000000000004	0.11904102578942576
3.18	0.11653636961718365
3.1900000000000004	0.11406106097578902
3.2	0.11161519232883908
3.2100000000000004	0.10919885002424135
3.22	0.1068121143185664
3.2300000000000004	0.10445505940395185
3.24	0.1021277534375083
3.2500000000000004	0.0998302585731809
3.2600000000000002	0.09756263099601628
3.2700000000000005	0.0953249209587783
3.2800000000000002	0.0931171728208648
3.29	0.09093942508946729
3.3000000000000003	0.08879171046291993
3.31	0.0866740558761805
3.3200000000000003	0.08458648254838529
3.33	0.08252900603242207
3.3400000000000003	0.08050163626645895
3.35	0.07850437762737084
3.3600000000000003	0.07653722898600351
3.37	0.074600183764213
3.3800000000000003	0.07269322999362096
3.39	0.07081635037602095
3.4000000000000004	0.06896952234537661
3.41	0.06715271813134739
3.4200000000000004	0.0653659048242804
3.43	0.0636090444416044
3.4400000000000004	0.06188209399556413
3.45	0.06018500556223218
3.4600000000000004	0.05851772635173445
3.47	0.05688019877962944
3.4800000000000004	0.05527236053937567
3.49	0.053694144675828163
3.5000000000000004	0.0521454796596995
3.5100000000000002	0.05062628946292759
3.5200000000000005	0.049136493634886556
3.5300000000000002	0.04767600737937993
3.5400000000000005	0.04624474163235967
3.5500000000000003	0.04484260314030926
3.5600000000000005	0.04346949453923146
3.5700000000000003	0.04212531443418667
3.58	0.040809957479319106
3.5900000000000003	0.03952331445832145
3.6	0.038265272365275646
3.6100000000000003	0.037035714485819334
3.62	0.03583452047858371
3.6300000000000003	0.03466156645684743
3.64	0.033516725070358286
3.6500000000000004	0.032399865587268234
3.66	0.03131085397613554
3.6700000000000004	0.03024955298794042
3.68	0.02921582223807123
3.6900000000000004	0.028209518288231743
3.7	0.027230494728223194
3.7100000000000004	0.026278602257559777
3.72	0.02535368876686992
3.7300000000000004	0.024455599419045224
3.74	0.023584176730092332
3.7500000000000004	0.022739260649651476
3.7600000000000002	0.021920688641138938
3.7700000000000005	0.0211282957614793
3.7800000000000002	0.02036191474038879
3.7900000000000005	0.01962137605917593
3.8000000000000003	0.018906508029025264
3.8100000000000005	0.018217136868729798
3.8200000000000003	0.017553086781843166
3.8300000000000005	0.016914180033218842
3.8400000000000003	0.016300237024908643
3.85	0.015711076371391196
3.8600000000000003	0.015146514974105019
3.87	0.014606368095258582
3.8800000000000003	0.01409044943089484
3.89	0.013598571183185743
3.9000000000000004	0.013130544131933803
3.91	0.012686177705261217
3.9200000000000004	0.012265280049465501
3.93	0.01186765809802281
3.9400000000000004	0.011493117639721754
3.95	0.011141463385909267
3.9600000000000004	0.010812499036835736
3.97	0.010506027347081753
3.9800000000000004	0.010221850190054957
3.99	0.009959768621543182
4.	0.009719582942313012
4.010000000000001	0.009501092759742664
4.0200000000000005	0.009304097048479463
4.03	0.009128394210114056
4.04	0.00897378213186173
4.050000000000001	0.008840058244245745
4.0600000000000005	0.0087270195777756
4.07	0.00863446281861479
4.08	0.008562184363234696
4.090000000000001	0.008509980372049433
4.1000000000000005	0.008477646822030902
4.11	0.008464979558299552
4.12	0.00847177434469173
4.13	0.008497826913301745
4.140000000000001	0.008542933012999118
4.15	0.00860688845692177
4.16	0.00868948916894667
4.17	0.008790531229139942
4.180000000000001	0.008909810918189086
4.19	0.009047124760820504
4.2	0.009202269568206505
4.21	0.009375042479365835
4.220000000000001	0.00956524100156261
4.23	0.009772663049709628
4.24	0.009997106984781038
4.25	0.010238371651241727
4.260000000000001	0.010496256413499437
4.2700000000000005	0.010770561191387456
4.28	0.011061086494684973
4.29	0.011367633456683587
4.300000000000001	0.011690003866808418
4.3100000000000005	0.012028000202301792
4.32	0.012381425658979426
4.33	0.012750084181068365
4.340000000000001	0.013133780490135843
4.3500000000000005	0.013532320113119672
4.36	0.013945509409469727
4.37	0.014373155597411584
4.380000000000001	0.014815066779342806
4.390000000000001	0.015271051966372306
4.4	0.015740921102014867
4.41	0.01622448508505072
4.42	0.01672155579156334
4.430000000000001	0.017231946096165636
4.44	0.01775546989242641
4.45	0.01829194211250994
4.46	0.018841178746039473
4.470000000000001	0.019402996858197703
4.48	0.019977214607075272
4.49	0.020563651260280744
4.5	0.021162127210822845
4.510000000000001	0.021772463992279643
4.5200000000000005	0.022394484293263583
4.53	0.023028011971198886
4.54	0.023672872065419563
4.550000000000001	0.024328890809604282
4.5600000000000005	0.024995895643557545
4.57	0.025673715224351475
4.58	0.02636217943683946
4.590000000000001	0.02706111940355517
4.6000000000000005	0.0277703674940078
4.61	0.02848975733338743
4.62	0.029219123810691788
4.630000000000001	0.029958303086286435
4.640000000000001	0.030707132598911533
4.65	0.03146545107214585
4.66	0.032233098520341966
4.67	0.0330099162540417
4.680000000000001	0.033795746884887026
4.69	0.034590434330035426
4.7	0.03539382381609178
4.71	0.036205761882570776
4.720000000000001	0.03702609638489751
4.73	0.037854676496960164
4.74	0.038691352713225574
4.75	0.039535976850427514
4.760000000000001	0.04038840204884082
4.7700000000000005	0.04124848277314944
4.78	0.042116074812922434
4.79	0.042991035282705
4.800000000000001	0.04387322262173757
4.8100000000000005	0.044762496593312565
4.82	0.04565871828377803
4.83	0.04656175010120015
4.840000000000001	0.04747145577369186
4.8500000000000005	0.048387700347420216
4.86	0.04931035018429999
4.87	0.05023927295938427
4.880000000000001	0.05117433765795979
4.890000000000001	0.05211541457235854
4.9	0.053062375298492497
4.91	0.05401509273212185
4.920000000000001	0.054973441064864
4.930000000000001	0.05593729577995347
4.94	0.05690653364776048
4.95	0.057881032721075754
4.96	0.05886067233017158
4.970000000000001	0.05984533307764444
4.98	0.06083489683305023
4.99	0.06182924672733696
5.	0.06282826714708359