2.	-0.201809285150603
2.0100000000000002	-0.20038108561836016
2.02	-0.1989446156575257
2.0300000000000002	-0.19749996069738496
2.04	-0.19604720732129916
2.0500000000000003	-0.1945864432593781
2.06	-0.1931177573807323
2.0700000000000003	-0.19164123968530333
2.08	-0.19015698129527014
2.0900000000000003	-0.1886650744460331
2.1	-0.1871656124767731
2.1100000000000003	-0.18565868982058714
2.12	-0.18414440199419932
2.1300000000000003	-0.18262284558724817
2.14	-0.18109411825115224
2.1500000000000004	-0.17955831868755262
2.16	-0.1780155466363345
2.1700000000000004	-0.17646590286323166
2.18	-0.17490948914701143
2.1900000000000004	-0.17334640826624556
2.2	-0.17177676398566924
2.21	-0.1702006610421292
2.22	-0.1686182051301245
2.23	-0.1670295028869458
2.24	-0.16543466187741263
2.25	-0.163833790578216
2.2600000000000002	-0.1622269983618689
2.27	-0.16061439548026962
2.2800000000000002	-0.15899609304788287
2.29	-0.15737220302454355
2.3000000000000003	-0.15574283819788878
2.31	-0.15410811216542444
2.3200000000000003	-0.15246813931623016
2.33	-0.1508230348123126
2.3400000000000003	-0.14917291456960985
2.35	-0.147517895238656
2.3600000000000003	-0.14585809418491374
2.37	-0.14419362946877926
2.3800000000000003	-0.14252461982526995
2.39	-0.14085118464340307
2.4000000000000004	-0.13917344394527015
2.41	-0.1374915183648209
2.4200000000000004	-0.1358055291263591
2.43	-0.13411559802276593
2.4400000000000004	-0.13242184739345397
2.45	-0.13072440010206648
2.4600000000000004	-0.12902337951392678
2.47	-0.12731890947325197
2.48	-0.12561111428013785
2.49	-0.12390011866732702
2.5	-0.12218604777676938
2.5100000000000002	-0.12046902713598787
2.52	-0.11874918263425677
2.5300000000000002	-0.117026640498607
2.54	-0.11530152726966755
2.5500000000000003	-0.11357396977735462
2.56	-0.11184409511642063
2.5700000000000003	-0.11011203062187284
2.58	-0.10837790384427647
2.5900000000000003	-0.1066418425249498
2.6	-0.10490397457106722
2.6100000000000003	-0.10316442803067903
2.62	-0.10142333106766187
2.6300000000000003	-0.09968081193661113
2.64	-0.09793699895768719
2.6500000000000004	-0.09619202049142889
2.66	-0.09444600491354463
2.6700000000000004	-0.09269908058969449
2.68	-0.09095137585027592
2.6900000000000004	-0.08920301896522359
2.7	-0.0874541381188379
2.7100000000000004	-0.08570486138465165
2.72	-0.0839553167003498
2.7300000000000004	-0.08220563184275187
2.74	-0.08045593440287141
2.75	-0.07870635176106248
2.7600000000000002	-0.07695701106226546
2.77	-0.07520803919136536
2.7800000000000002	-0.07345956274867312
2.79	-0.07171170802554123
2.8000000000000003	-0.06996460098012633
2.81	-0.06821836721330844
2.8200000000000003	-0.06647313194478005
2.83	-0.06472901998931446
2.8400000000000003	-0.06298615573322526
2.85	-0.06124466311102703
2.8600000000000003	-0.059504665582307756
2.87	-0.05776628610882466
2.8800000000000003	-0.05602964713183122
2.89	-0.05429487054964809
2.9000000000000004	-0.05256207769548465
2.91	-0.05083138931552412
2.9200000000000004	-0.04910292554727855
2.93	-0.047376805898224204
2.9400000000000004	-0.045653149224726575
2.95	-0.04393207371126165
2.9600000000000004	-0.042213696849944866
2.97	-0.040498135420372415
2.9800000000000004	-0.03878550546978581
2.99	-0.0370759222935646
3.0000000000000004	-0.035369500416056736
3.0100000000000002	-0.03366635357175194
3.02	-0.03196659468680604
3.0300000000000002	-0.030270335860921396
3.04	-0.028577688349591398
3.0500000000000003	-0.026888762546712627
3.06	-0.025203667967572486
3.0700000000000003	-0.023522513232215957
3.08	-0.021845406049197026
3.0900000000000003	-0.02017245319972024
3.1	-0.018503760522175016
3.1100000000000003	-0.01683943289706827
3.12	-0.015179574232359406
3.1300000000000003	-0.0135242874491988
3.14	-0.01187367446807645
3.1500000000000004	-0.010227836195380756
3.16	-0.0085868725103712
3.1700000000000004	-0.006950882252567591
3.18	-0.005319963209557045
3.1900000000000004	-0.003694212105220932
3.2	-0.0020737245883834694
3.2100000000000004	-0.00045859522188151333
3.22	0.0011510825279407754
3.2300000000000004	0.0027552163013148116
3.24	0.004353714854705283
3.2500000000000004	0.005946488070045486
3.2600000000000002	0.007533446963546434
3.2700000000000005	0.00911450369408473
3.2800000000000002	0.01068957157116677
3.29	0.012258565062472358
3.3000000000000003	0.013821399800977054
3.31	0.015377992591656935
3.3200000000000003	0.01692826141777674
3.33	0.01847212544676194
3.3400000000000003	0.020009505035659514
3.35	0.021540321736188688
3.3600000000000003	0.02306449829938391
3.37	0.02458195867983412
3.3800000000000003	0.02609262803952007
3.39	0.027596432751254747
3.4000000000000004	0.029093300401729277
3.41	0.030583159794167983
3.4200000000000004	0.0320659409505972
3.43	0.033541575113731466
3.4400000000000004	0.035009994748482175
3.45	0.03647113354309112
3.4600000000000004	0.037924926409897065
3.47	0.039371309485735424
3.4800000000000004	0.04081022013198043
3.49	0.04224159693423237
3.5000000000000004	0.043665379701655335
3.5100000000000002	0.04508150946597112
3.5200000000000005	0.04648992848011414
3.5300000000000002	0.04789058021655567
3.5400000000000005	0.049283409365297355
3.5500000000000003	0.050668361831545355
3.5600000000000005	0.05204538473306828
3.5700000000000003	0.053414426397245064
3.58	0.05477543635780988
3.5900000000000003	0.056128365351297206
3.6	0.05747316531319792
3.6100000000000003	0.058809789373828074
3.62	0.060138191853918575
3.6300000000000003	0.061458328259934115
3.64	0.06277015527912208
3.6500000000000004	0.0640736307743047
3.66	0.06536871377841505
3.6700000000000004	0.06665536448878723
3.68	0.06793354426120504
3.6900000000000004	0.0692032156037162
3.7	0.0704643421702195
3.7100000000000004	0.07171688875382912
3.72	0.0729608212800259
3.7300000000000004	0.07419610679959832
3.74	0.07542271348138348
3.7500000000000004	0.07664061060481014
3.7600000000000002	0.07784976855225523
3.7700000000000005	0.0790501588012158
3.7800000000000002	0.08024175391630574
3.7900000000000005	0.0814245275410823
3.8000000000000003	0.08259845438970859
3.8100000000000005	0.08376351023845924
3.8200000000000003	0.08491967191707496
3.8300000000000005	0.08606691729997162
3.8400000000000003	0.08720522529731088
3.85	0.08833457584593823
3.8600000000000003	0.08945494990019418
3.87	0.0905663294226039
3.8800000000000003	0.09166869737445386
3.89	0.09276203770625685
3.9000000000000004	0.09384633534811597
3.91	0.09492157619999024
3.9200000000000004	0.09598774712186744
3.93	0.09704483592385141
3.9400000000000004	0.09809283135616817
3.95	0.09913172309909618
3.9600000000000004	0.1001615017528266
3.97	0.1011821588272581
3.9800000000000004	0.10219368673173165
3.99	0.10319607876471129
4.	0.10418932910341322
4.010000000000001	0.10517343279339184
4.0200000000000005	0.10614838573808387
4.03	0.10711418468831743
4.04	0.10807082723179053
4.050000000000001	0.1090183117825219
4.0600000000000005	0.10995663757028136
4.07	0.11088580463000086
4.08	0.11180581379117274
4.090000000000001	0.11271666666723862
4.1000000000000005	0.113618365644973
4.11	0.11451091387386472
4.12	0.11539431525550167
4.13	0.11626857443296151
4.140000000000001	0.11713369678021225
4.15	0.11798968839152574
4.16	0.11883655607090904
4.17	0.11967430732155523
4.180000000000001	0.12050295033531841
4.19	0.12132249398221504
4.2	0.12213294779995562
4.21	0.12293432198350877
4.220000000000001	0.12372662737470178
4.23	0.12450987545185933
4.24	0.12528407831948388
4.25	0.12604924869797976
4.260000000000001	0.1268053999134247
4.2700000000000005	0.12755254588738968
4.28	0.12829070112681057
4.29	0.12901988071391365
4.300000000000001	0.12974010029619767
4.3100000000000005	0.13045137607647325
4.32	0.13115372480296267
4.33	0.13184716375946276
4.340000000000001	0.13253171075557094
4.3500000000000005	0.13320738411697805
4.36	0.13387420267582803
4.37	0.13453218576114775
4.380000000000001	0.1351813531893476
4.390000000000001	0.13582172525479427
4.4	0.13645332272045813
4.41	0.13707616680863483
4.42	0.13769027919174495
4.430000000000001	0.13829568198321074
4.44	0.13889239772841164
4.45	0.1394804493957204
4.46	0.1400598603676206
4.470000000000001	0.14063065443190562
4.48	0.14119285577296145
4.49	0.14174648896313308
4.5	0.14229157895417516
4.510000000000001	0.14282815106878943
4.5200000000000005	0.1433562309922469
4.53	0.14387584476409768
4.54	0.1443870187699677
4.550000000000001	0.1448897797334438
4.5600000000000005	0.14538415470804664
4.57	0.14587017106929268
4.58	0.14634785650684495
4.590000000000001	0.14681723901675395
4.6000000000000005	0.1472783468937874
4.61	0.14773120872385065
4.62	0.1481758533764969
4.630000000000001	0.14861230999752761
4.640000000000001	0.14904060800168353
4.65	0.14946077706542585
4.66	0.14987284711980858
4.67	0.15027684834344002
4.680000000000001	0.1506728111555363
4.69	0.15106076620906386
4.7	0.15144074438397234
4.71	0.15181277678051866
4.720000000000001	0.1521768947126796
4.73	0.15253312970165425
4.74	0.1528815134694568
4.75	0.15322207793259707
4.760000000000001	0.15355485519585113
4.7700000000000005	0.15387987754611918
4.78	0.15419717744637296
4.79	0.15450678752968927
4.800000000000001	0.15480874059337252
4.8100000000000005	0.1551030695931628
4.82	0.15538980763753116
4.83	0.15566898798206083
4.840000000000001	0.1559406440239137
4.8500000000000005	0.1562048092963819
4.86	0.1564615174635239
4.87	0.15671080231488485
4.880000000000001	0.1569526977602994
4.890000000000001	0.15718723782477803
4.9	0.15741445664347586
4.91	0.157634388456742
4.920000000000001	0.15784706760525072
4.930000000000001	0.15805252852521276
4.94	0.15825080574366643
4.95	0.15844193387384684
4.96	0.1586259476106354
4.970000000000001	0.15880288172608487
4.98	0.1589727710650229
4.99	0.1591356505407315
5.	0.15929155513070142