2.	-0.669147654406019
2.0100000000000002	-0.674365525955825
2.02	-0.6795864357694268
2.0300000000000002	-0.6848102292052413
2.04	-0.6900367507108671
2.0500000000000003	-0.6952658437363142
2.06	-0.7004973506443825
2.0700000000000003	-0.7057311126180259
2.08	-0.71096696956454
2.0900000000000003	-0.7162047600163811
2.1	-0.7214443210284346
2.1100000000000003	-0.7266854880715239
2.12	-0.7319280949219572
2.1300000000000003	-0.7371719735468694
2.14	-0.7424169539851343
2.1500000000000004	-0.7476628642235849
2.16	-0.7529095300682765
2.1700000000000004	-0.7581567750104969
2.18	-0.7634044200872376
2.1900000000000004	-0.7686522837357821
2.2	-0.7739001816420823
2.21	-0.7791479265825539
2.22	-0.7843953282589013
2.23	-0.7896421931255558
2.24	-0.7948883242092913
2.25	-0.8001335209205446
2.2600000000000002	-0.8053775788559381
2.27	-0.8106202895914709
2.2800000000000002	-0.8158614404658063
2.29	-0.8211008143530474
2.3000000000000003	-0.826338189424342
2.31	-0.8315733388976256
2.3200000000000003	-0.8368060307747526
2.33	-0.8420360275652082
2.3400000000000003	-0.8472630859955558
2.35	-0.8524869567036896
2.3600000000000003	-0.8577073839169052
2.37	-0.8629241051127359
2.3800000000000003	-0.8681368506614046
2.39	-0.8733453434486748
2.4000000000000004	-0.8785492984777774
2.41	-0.8837484224489957
2.4200000000000004	-0.8889424133153812
2.43	-0.894130959812945
2.4400000000000004	-0.8993137409635575
2.45	-0.9044904255486204
2.4600000000000004	-0.9096606715514476
2.47	-0.9148241255661054
2.48	-0.9199804221702783
2.49	-0.925129183259538
2.5	-0.9302700173401538
2.5100000000000002	-0.935402518777356
2.52	-0.9405262669956855
2.5300000000000002	-0.9456408256277875
2.54	-0.9507457416076655
2.5500000000000003	-0.9558405442040776
2.56	-0.9609247439893677
2.5700000000000003	-0.9659978317385776
2.58	-0.9710592772532473
2.5900000000000003	-0.9761085281037577
2.6	-0.981145008283523
2.6100000000000003	-0.9861681167676729
2.62	-0.9911772259681957
2.6300000000000003	-0.9961716800766944
2.64	-1.0011507932850705
2.6500000000000004	-1.006113847873452
2.66	-1.0110600921536426
2.6700000000000004	-1.0159887382551316
2.68	-1.0208989597393987
2.6900000000000004	-1.0257898890267236
2.7	-1.0306606146180561
2.7100000000000004	-1.0355101780926108
2.72	-1.0403375708597524
2.7300000000000004	-1.0451417306413577
2.74	-1.0499215376581803
2.75	-1.054675810490741
2.7600000000000002	-1.0594033015818491
2.77	-1.064102692344043
2.7800000000000002	-1.0687725878308527
2.79	-1.0734115109258757
2.8000000000000003	-1.0780178959980022
2.81	-1.0825900819647456
2.8200000000000003	-1.087126304698302
2.83	-1.0916246887006158
2.8400000000000003	-1.0960832379641359
2.85	-1.1004998259239414
2.8600000000000003	-1.104872184394272
2.87	-1.1091978913678706
2.8800000000000003	-1.113474357539687
2.89	-1.1176988113969375
2.9000000000000004	-1.1218682826948074
2.91	-1.1259795841106572
2.9200000000000004	-1.1300292908387546
2.93	-1.1340137178514438
2.9400000000000004	-1.1379288945103538
2.95	-1.141770536161376
2.9600000000000004	-1.145534012288384
2.97	-1.1492143107310717
2.9800000000000004	-1.1528059973896505
2.99	-1.1563031707407845
3.0000000000000004	-1.159699410371491
3.0100000000000002	-1.1629877185967727
3.02	-1.1661604540569706
3.0300000000000002	-1.1692092559858553
3.04	-1.1721249575918085
3.0500000000000003	-1.174897486691767
3.06	-1.1775157513674563
3.0700000000000003	-1.1799675079589784
3.08	-1.1822392081501547
3.0900000000000003	-1.184315821205238
3.1	-1.1861806265512307
3.1100000000000003	-1.1878149708168184
3.12	-1.1891979820756946
3.1300000000000003	-1.190306232316965
3.14	-1.1911133369696638
3.1500000000000004	-1.1915894774970945
3.16	-1.191700829454361
3.1700000000000004	-1.19140887370483
3.18	-1.1906695623578056
3.1900000000000004	-1.1894323029251865
3.2	-1.1876387135143518
3.2100000000000004	-1.1852210876231983
3.22	-1.1821004879413313
3.2300000000000004	-1.1781843625953103
3.24	-1.1733635418130197
3.2500000000000004	-1.1675084241734504
3.2600000000000002	-1.1604640939300799
3.2700000000000005	-1.152044016414604
3.2800000000000002	-1.1420218258834818
3.29	-1.1301205332702122
3.3000000000000003	-1.1159982179021521
3.31	-1.0992288981198277
3.3200000000000003	-1.079276766852987
3.33	-1.0554613022336647
3.3400000000000003	-1.0269099378975062
3.35	-0.9924941746729146
3.3600000000000003	-0.9507448518581868
3.37	-0.8997445660974768
3.3800000000000003	-0.8370046173503928
3.39	-0.7593614805129384
3.4000000000000004	-0.6629961095993788
3.41	-0.5438185380294599
3.4200000000000004	-0.3986494568870916
3.43	-0.2275873203068736
3.4400000000000004	-0.03692346200233001
3.45	0.16015317690671171
3.4600000000000004	0.3477571447220616
3.47	0.5139078234924929
3.4800000000000004	0.6537341499632487
3.49	0.7680341426907948
3.5000000000000004	0.8603188777214708
3.5100000000000002	0.9346856839658894
3.5200000000000005	0.9948365606500111
3.5300000000000002	1.04379534441623
3.5400000000000005	1.0839267022302552
3.5500000000000003	1.1170488054877343
3.5600000000000005	1.1445548030415986
3.5700000000000003	1.1675159572005098
3.58	1.1867619114634993
3.5900000000000003	1.2029409120903503
3.6	1.2165643432170894
3.6100000000000003	1.228039554298696
3.62	1.2376941227184743
3.6300000000000003	1.245793892589477
3.64	1.2525564891626786
3.6500000000000004	1.2581615300239544
3.66	1.2627584089259813
3.6700000000000004	1.2664722821101773
3.68	1.2694087124869615
3.6900000000000004	1.2716573031444327
3.7	1.2732945633159305
3.7100000000000004	1.2743861865767883
3.72	1.2749888752797767
3.7300000000000004	1.2751518119394984
3.74	1.2749178538560395
3.7500000000000004	1.2743245092189632
3.7600000000000002	1.2734047394882748
3.7700000000000005	1.2721876227579172
3.7800000000000002	1.2706989051767468
3.7900000000000005	1.2689614616902218
3.8000000000000003	1.266995682908729
3.8100000000000005	1.264819801466894
3.8200000000000003	1.2624501685638092
3.8300000000000005	1.2599014892828322
3.8400000000000003	1.2571870236445712
3.85	1.2543187590452975
3.8600000000000003	1.2513075586977649
3.87	1.2481632898635484
3.8800000000000003	1.244894935000659
3.89	1.2415106884127833
3.9000000000000004	1.2380180405504457
3.91	1.2344238517589927
3.9200000000000004	1.2307344169773555
3.93	1.2269555226524
3.9400000000000004	1.2230924969363193
3.95	1.2191502540710322
3.9600000000000004	1.2151333337275751
3.97	1.2110459359550532
3.9800000000000004	1.206891952298701
3.99	1.202674993566793
4.	1.1983984146589062
4.010000000000001	1.1940653368111291
4.0200000000000005	1.1896786675656301
4.03	1.1852411187309742
4.04	1.180755222564598
4.050000000000001	1.1762233463789942
4.0600000000000005	1.1716477057474666
4.07	1.1670303764633434
4.08	1.1623733053875107
4.090000000000001	1.1576783203027647
4.1000000000000005	1.1529471388792767
4.11	1.1481813768431646
4.12	1.1433825554294643
4.13	1.1385521081914514
4.140000000000001	1.133691387230153
4.15	1.1288016689007525
4.16	1.1238841590463389
4.17	1.1189399978040089
4.180000000000001	1.113970264023461
4.19	1.1089759793340217
4.2	1.103958111892254
4.21	1.0989175798390147
4.220000000000001	1.093855254491859
4.23	1.088771963296125
4.24	1.0836684925556732
4.25	1.0785455899622296
4.260000000000001	1.0734039669404336
4.2700000000000005	1.0682443008240468
4.28	1.0630672368773326
4.29	1.0578733901742892
4.300000000000001	1.0526633473472549
4.3100000000000005	1.0474376682153554
4.32	1.042196887302301
4.33	1.0369415152522041
4.340000000000001	1.031672040151319
4.3500000000000005	1.0263889287629118
4.36	1.0210926276818442
4.37	1.0157835644148931
4.380000000000001	1.0104621483923182
4.390000000000001	1.0051287719157236
4.4	0.9997838110468447
4.41	0.9944276264415147
4.42	0.9890605641327054
4.430000000000001	0.9836829562662371
4.44	0.9782951217924686
4.45	0.9728973671169907
4.46	0.9674899867131531
4.470000000000001	0.9620732636989884
4.48	0.9566474703809436
4.49	0.9512128687666122
4.5	0.9457697110485144
4.510000000000001	0.9403182400608151
4.5200000000000005	0.9348586897107358
4.53	0.9293912853862624
4.54	0.923916244341681
4.550000000000001	0.9184337760623169
4.5600000000000005	0.912944082609778
4.57	0.9074473589489175
4.58	0.9019437932576231
4.590000000000001	0.8964335672204845
4.6000000000000005	0.8909168563073065
4.61	0.8853938300373775
4.62	0.8798646522303281
4.630000000000001	0.8743294812443756
4.640000000000001	0.8687884702026868
4.65	0.863241767208544
4.66	0.8576895155499517
4.67	0.8521318538942969
4.680000000000001	0.8465689164736071
4.69	0.8410008332609403
4.7	0.8354277301384084
4.71	0.8298497290572675
4.720000000000001	0.8242669481905389
4.73	0.8186795020785479
4.74	0.8130875017677577
4.75	0.8074910549432773
4.760000000000001	0.8018902660553499
4.7700000000000005	0.7962852364401646
4.78	0.7906760644352681
4.79	0.785062845489865
4.800000000000001	0.7794456722702724
4.8100000000000005	0.7738246347607655
4.82	0.7681998203600574
4.83	0.7625713139736267
4.840000000000001	0.756939198102108
4.8500000000000005	0.7513035529259265
4.86	0.7456644563863774
4.87	0.740021984263309
4.880000000000001	0.7343762102495953
4.890000000000001	0.7287272060225214
4.9	0.7230750413122649
4.91	0.7174197839675784
4.920000000000001	0.7117615000188355
4.930000000000001	0.7061002537385388
4.94	0.700436107699423
4.95	0.6947691228302617
4.96	0.6890993584694777
4.970000000000001	0.6834268724166646
4.98	0.6777517209821105
4.99	0.6720739590344144
5.	0.6663936400462808