2.	0.2647757645914677
2.0020000000000002	0.2642389150368192
2.004	0.2637016255122893
2.0060000000000002	0.2631639000158826
2.008	0.262625742539634
2.0100000000000002	0.2620871570696127
2.012	0.26154814758593786
2.0140000000000002	0.26100871806278314
2.016	0.26046887246839034
2.0180000000000002	0.2599286147650761
2.02	0.25938794890924277
2.0220000000000002	0.2588468788513883
2.024	0.2583054085361147
2.0260000000000002	0.25776354190213757
2.028	0.25722128288229584
2.0300000000000002	0.2566786354035622
2.032	0.2561356033870499
2.0340000000000003	0.2555921907480241
2.036	0.2550484013959111
2.0380000000000003	0.25450423923430615
2.04	0.2539597081609831
2.0420000000000003	0.25341481206790567
2.044	0.2528695548412332
2.0460000000000003	0.25232394036133166
2.048	0.25177797250278244
2.0500000000000003	0.2512316551343925
2.052	0.25068499211919953
2.0540000000000003	0.2501379873144863
2.056	0.24959064457178537
2.0580000000000003	0.24904296773688972
2.06	0.2484949606498614
2.0620000000000003	0.24794662714503984
2.064	0.2473979710510521
2.0660000000000003	0.2468489961908188
2.068	0.24629970638156665
2.0700000000000003	0.24575010543483355
2.072	0.24520019715648048
2.0740000000000003	0.24464998534669619
2.076	0.24409947380001132
2.0780000000000003	0.24354866630530086
2.08	0.2429975666457974
2.0820000000000003	0.24244617859909784
2.084	0.24189450593717157
2.0860000000000003	0.24134255242636857
2.088	0.24079032182743088
2.0900000000000003	0.24023781789549747
2.092	0.23968504438011404
2.0940000000000003	0.2391320050252419
2.096	0.238578703569266
2.0980000000000003	0.2380251437450023
2.1	0.2374713292797084
2.1020000000000003	0.23691726389508955
2.104	0.23636295130730847
2.1060000000000003	0.23580839522699212
2.108	0.23525359935924153
2.1100000000000003	0.2346985674036395
2.112	0.23414330305425932
2.1140000000000003	0.23358780999967144
2.116	0.23303209192295263
2.1180000000000003	0.23247615250169576
2.12	0.2319199954080153
2.1220000000000003	0.23136362430855673
2.124	0.23080704286450524
2.1260000000000003	0.23025025473159455
2.128	0.22969326356011135
2.1300000000000003	0.22913607299490818
2.132	0.22857868667540904
2.1340000000000003	0.2280211082356179
2.136	0.2274633413041265
2.1380000000000003	0.2269053895041245
2.14	0.22634725645340523
2.1420000000000003	0.22578894576437544
2.144	0.22523046104406194
2.1460000000000004	0.2246718058941222
2.148	0.22411298391084986
2.1500000000000004	0.223553998685185
2.152	0.22299485380272277
2.1540000000000004	0.22243555284371766
2.156	0.2218760993830974
2.1580000000000004	0.2213164969904665
2.16	0.22075674923011807
2.1620000000000004	0.2201968596610393
2.164	0.21963683183692242
2.1660000000000004	0.21907666930617012
2.168	0.21851637561190684
2.1700000000000004	0.21795595429198553
2.172	0.21739540887899664
2.1740000000000004	0.21683474290027605
2.176	0.21627395987791448
2.1780000000000004	0.21571306332876525
2.18	0.2151520567644531
2.1820000000000004	0.2145909436913829
2.184	0.21402972761074848
2.1860000000000004	0.21346841201854178
2.188	0.21290700040555952
2.1900000000000004	0.21234549625741514
2.192	0.21178390305454453
2.194	0.2112222242722177
2.196	0.21066046338054575
2.198	0.21009862384449052
2.2	0.20953670912387423
2.202	0.20897472267338768
2.204	0.20841266794260052
2.206	0.20785054837596934
2.208	0.20728836741284803
2.21	0.2067261284874967
2.212	0.206163835029091
2.214	0.2056014904617322
2.216	0.20503909820445662
2.218	0.20447666167124504
2.22	0.20391418427103314
2.222	0.20335166940772087
2.224	0.20278912048018258
2.226	0.20222654088227712
2.228	0.2016639340028586
2.23	0.20110130322578562
2.232	0.2005386519299323
2.234	0.1999759834891983
2.236	0.19941330127252094
2.238	0.19885060864388382
2.24	0.19828790896232887
2.242	0.19772520558196696
2.244	0.19716250185198955
2.246	0.1965998011166787
2.248	0.19603710671541963
2.25	0.19547442198271242
2.2520000000000002	0.19491175024818105
2.254	0.19434909483658858
2.2560000000000002	0.19378645906784667
2.258	0.19322384625702949
2.2600000000000002	0.19266125971438292
2.262	0.19209870274534138
2.2640000000000002	0.1915361786505354
2.266	0.1909736907258082
2.2680000000000002	0.19041124226222655
2.27	0.1898488365460952
2.2720000000000002	0.18928647685896702
2.274	0.18872416647766022
2.2760000000000002	0.18816190867427082
2.278	0.18759970671618387
2.2800000000000002	0.18703756386609144
2.282	0.18647548338200268
2.2840000000000003	0.18591346851726165
2.286	0.1853515225205598
2.2880000000000003	0.184789648635952
2.29	0.1842278501028703
2.2920000000000003	0.18366613015614022
2.294	0.18310449202599516
2.2960000000000003	0.18254293893809395
2.298	0.18198147411353435
2.3000000000000003	0.18142010076887097
2.302	0.18085882211613127
2.3040000000000003	0.18029764136283213
2.306	0.17973656171199667
2.3080000000000003	0.17917558636217143
2.31	0.17861471850744529
2.3120000000000003	0.17805396133746407
2.314	0.17749331803745227
2.3160000000000003	0.17693279178822882
2.318	0.1763723857662267
2.3200000000000003	0.1758121031435122
2.322	0.1752519470878037
2.3240000000000003	0.17469192076249113
2.326	0.17413202732665628
2.3280000000000003	0.17357226993509267
2.33	0.17301265173832653
2.3320000000000003	0.1724531758826383
2.334	0.17189384551008205
2.3360000000000003	0.17133466375850806
2.338	0.17077563376158672
2.3400000000000003	0.17021675864882754
2.342	0.16965804154560402
2.3440000000000003	0.1690994855731766
2.346	0.1685410938487163
2.3480000000000003	0.16798286948532737
2.35	0.1674248155920741
2.3520000000000003	0.16686693527400273
2.354	0.16630923163216976
2.3560000000000003	0.16575170776366435
2.358	0.16519436676163715
2.3600000000000003	0.16463721171532608
2.362	0.16408024571008237
2.3640000000000003	0.16352347182739957
2.366	0.16296689314493987
2.3680000000000003	0.16241051273656507
2.37	0.1618543336723627
2.3720000000000003	0.16129835901867845
2.374	0.1607425918381434
2.3760000000000003	0.16018703518970648
2.378	0.15963169212866551
2.3800000000000003	0.15907656570669756
2.382	0.1585216589718932
2.3840000000000003	0.15796697496878762
2.386	0.15741251673839493
2.3880000000000003	0.15685828731824134
2.39	0.15630428974240146
2.3920000000000003	0.15575052704153128
2.394	0.15519700224290708
2.3960000000000004	0.15464371837045776
2.398	0.15409067844480742
2.4000000000000004	0.15353788548330755
2.402	0.15298534250008056
2.4040000000000004	0.15243305250605507
2.406	0.15188101850900915
2.4080000000000004	0.15132924351360852
2.41	0.15077773052145044
2.4120000000000004	0.15022648253110277
2.414	0.1496755025381497
2.4160000000000004	0.14912479353523445
2.418	0.1485743585121042
2.4200000000000004	0.14802420045565412
2.422	0.1474743223499758
2.4240000000000004	0.1469247271764026
2.426	0.14637541791355776
2.4280000000000004	0.14582639753740426
2.43	0.14527766902129233
2.4320000000000004	0.14472923533601312
2.434	0.1441810994498476
2.4360000000000004	0.14363326432861964
2.438	0.14308573293575036
2.4400000000000004	0.14253850823231207
2.442	0.14199159317708293
2.4440000000000004	0.14144499072660513
2.446	0.14089870383523875
2.4480000000000004	0.14035273545522542
2.45	0.13980708853674392
2.4520000000000004	0.1392617660279724
2.454	0.13871677087514964
2.4560000000000004	0.13817210602263882
2.458	0.13762777441299107
2.4600000000000004	0.13708377898701118
2.462	0.13654012268382332
2.4640000000000004	0.13599680844093912
2.466	0.13545383919432746
2.468	0.13491121787848367
2.47	0.13436894742650166
2.472	0.13382703077014654
2.474	0.1332854708399291
2.476	0.13274427056518104
2.478	0.13220343287413266
2.48	0.13166296069399064
2.482	0.13112285695101836
2.484	0.13058312457061702
2.486	0.13004376647740856
2.488	0.1295047855953206
2.49	0.12896618484767122
2.492	0.1284279671572577
2.494	0.127890135446446
2.496	0.12735269263726054
2.498	0.12681564165147682
2.5	0.12627898541071703
2.5020000000000002	0.12574272683654447
2.504	0.12520686885056292
2.5060000000000002	0.12467141437451545
2.508	0.12413636633038516
2.5100000000000002	0.12360172764050135
2.512	0.1230675012276413
2.5140000000000002	0.12253369001514025
2.516	0.12200029692699967
2.5180000000000002	0.12146732488799894
2.52	0.12093477682380882
2.5220000000000002	0.120402655661106
2.524	0.11987096432769319
2.5260000000000002	0.11933970575261665
2.528	0.11880888286628931
2.5300000000000002	0.11827849860061644
2.532	0.11774855588912031
2.5340000000000003	0.11721905766707105
2.536	0.11669000687161771
2.5380000000000003	0.11616140644192194
2.54	0.11563325931929623
2.5420000000000003	0.11510556844734074
2.544	0.11457833677208765
2.5460000000000003	0.11405156724214363
2.548	0.11352526280883894
2.5500000000000003	0.1129994264263751
2.552	0.11247406105198032
2.5540000000000003	0.11194916964606323
2.556	0.11142475517237319
2.5580000000000003	0.11090082059816127
2.56	0.11037736889434374
2.5620000000000003	0.10985440303567269
2.564	0.10933192600090455
2.5660000000000003	0.1088099407729768
2.568	0.10828845033918297
2.5700000000000003	0.10776745769135586
2.572	0.10724696582605107
2.5740000000000003	0.10672697774473497
2.576	0.10620749645397679
2.5780000000000003	0.10568852496564315
2.58	0.10517006629709777
2.5820000000000003	0.10465212347140304
2.584	0.10413469951752861
2.5860000000000003	0.10361779747055999
2.588	0.10310142037191475
2.5900000000000003	0.10258557126956058
2.592	0.10207025321823757
2.5940000000000003	0.10155546927968702
2.596	0.10104122252288249
2.5980000000000003	0.10052751602426457
2.6	0.1000143528679838
2.6020000000000003	0.09950173614614448
2.604	0.09898966895905484
2.6060000000000003	0.0984781544154826
2.608	0.09796719563291403
2.6100000000000003	0.09745679573781912
2.612	0.09694695786592179
2.6140000000000003	0.09643768516247489
2.616	0.09592898078254067
2.6180000000000003	0.09542084789127736
2.62	0.09491328966422992
2.6220000000000003	0.09440630928762911
2.624	0.0938999099586917
2.6260000000000003	0.09339409488593253
2.628	0.09288886728947823
2.6300000000000003	0.09238423040138893
2.632	0.09188018746598449
2.6340000000000003	0.09137674174018176
2.636	0.09087389649383104
2.6380000000000003	0.09037165501006744
2.64	0.08987002058566189
2.6420000000000003	0.0893689965313846
2.644	0.08886858617237214
2.6460000000000004	0.08836879284850384
2.648	0.08786961991478372
2.6500000000000004	0.08737107074173285
2.652	0.08687314871578718
2.6540000000000004	0.08637585723970283
2.656	0.0858791997329724
2.6580000000000004	0.08538317963224681
2.66	0.0848878003917666
2.6620000000000004	0.08439306548380207
2.664	0.08389897839910178
2.6660000000000004	0.08340554264735087
2.668	0.08291276175763693
2.6700000000000004	0.08242063927892757
2.672	0.08192917878055556
2.6740000000000004	0.08143838385271501
2.676	0.08094825810696678
2.6780000000000004	0.0804588051767549
2.68	0.07997002871793349
2.6820000000000004	0.07948193240930307
2.684	0.07899451995315913
2.6860000000000004	0.07850779507585223
2.688	0.07802176152835756
2.6900000000000004	0.07753642308685797
2.692	0.07705178355333858
2.6940000000000004	0.07656784675619281
2.696	0.07608461655084256
2.6980000000000004	0.07560209682036798
2.7	0.07512029147615486
2.7020000000000004	0.07463920445855007
2.704	0.07415883973753515
2.7060000000000004	0.07367920131341239
2.708	0.07320029321750238
2.7100000000000004	0.07272211951286042
2.712	0.07224468429500538
2.7140000000000004	0.07176799169266432
2.716	0.0712920458685317
2.7180000000000004	0.07081685102004717
2.72	0.07034241138018595
2.7220000000000004	0.06986873121826848
2.724	0.06939581484078756
2.7260000000000004	0.06892366659224912
2.728	0.06845229085603577
2.7300000000000004	0.06798169205528501
2.732	0.06751187465378726
2.7340000000000004	0.06704284315690354
2.736	0.06657460211250138
2.7380000000000004	0.06610715611191158
2.74	0.0656405097909052
2.742	0.06517466783069212
2.744	0.06470963495893835
2.746	0.06424541595080872
2.748	0.06378201563003065
2.75	0.06331943886997916
2.7520000000000002	0.06285769059478749
2.754	0.06239677578048134
2.7560000000000002	0.0619366994561363
2.758	0.06147746670506256
2.7600000000000002	0.061019082666013295
2.762	0.06056155253442055
2.7640000000000002	0.06010488156365851
2.766	0.05964907506633315
2.7680000000000002	0.05919413841560085
2.77	0.058740077046516306
2.7720000000000002	0.05828689645740926
2.774	0.05783460221129247
2.7760000000000002	0.05738319993730012
2.778	0.05693269533215834
2.7800000000000002	0.056483094161688514
2.782	0.056034402262343436
2.7840000000000003	0.05558662554277909
2.786	0.05513976998545916
2.7880000000000003	0.05469384164829735
2.79	0.05424884666633634
2.7920000000000003	0.053804791253463595
2.794	0.05336168170416621
2.7960000000000003	0.05291952439532554
2.798	0.052478325788051984
2.8000000000000003	0.0520380924295616
2.802	0.05159883095509565
2.8040000000000003	0.05116054808988227
2.806	0.05072325065114529
2.8080000000000003	0.050286945550156406
2.81	0.04985163979433684
2.8120000000000003	0.0494173404894037
2.814	0.04898405484157038
2.8160000000000003	0.04855179015979287
2.818	0.048120553858072
2.8200000000000003	0.04769035345780431
2.822	0.047261196590193746
2.8240000000000003	0.04683309099871281
2.826	0.046406044541625634
2.8280000000000003	0.045980065194566974
2.83	0.04555516105318403
2.8320000000000003	0.045131340335838176
2.834	0.04470861138637095
2.8360000000000003	0.04428698267693524
2.838	0.04386646281089298
2.8400000000000003	0.04344706052578168
2.842	0.043028784696350436
2.8440000000000003	0.04261164433766959
2.846	0.042195648608312236
2.8480000000000003	0.04178080681361348
2.85	0.0413671284090068
2.8520000000000003	0.04095462300344071
2.854	0.04054330036287594
2.8560000000000003	0.0401331704138705
2.858	0.039724243247246
2.8600000000000003	0.039316529121846744
2.862	0.038910038468388794
2.8640000000000003	0.038504781893401216
2.866	0.03810077018326495
2.8680000000000003	0.03769801430834929
2.87	0.03729652542724969
2.8720000000000003	0.03689631489112917
2.874	0.036497394248167475
2.8760000000000003	0.03609977524811732
2.878	0.035703469846976525
2.8800000000000003	0.03530849021177165
2.882	0.03491484872546493
2.8840000000000003	0.03452255799197792
2.886	0.03413163084134446
2.8880000000000003	0.033742080334989585
2.89	0.03335391977114316
2.8920000000000003	0.03296716269038523
2.894	0.0325818228813352
2.8960000000000004	0.03219791438648079
2.898	0.031815451508156525
2.9000000000000004	0.031434448814672056
2.902	0.031054921146596453
2.9040000000000004	0.0306768836232023
2.906	0.03030035164907419
2.9080000000000004	0.029925340920885148
2.91	0.029551867434347078
2.9120000000000004	0.02917994749134069
2.914	0.02880959770722599
2.9160000000000004	0.028440835018344008
2.918	0.02807367668971108
2.9200000000000004	0.02770814032291191
2.922	0.027344243864198568
2.9240000000000004	0.026982005612800165
2.926	0.026621444229446924
2.9280000000000004	0.02626257874512147
2.93	0.025905428570034392
2.9320000000000004	0.025550013502839357
2.934	0.02519635374008843
2.9360000000000004	0.02484446988593718
2.938	0.024494382962107732
2.9400000000000004	0.024146114418114192
2.942	0.023799686141759806
2.9440000000000004	0.02345512046991467
2.946	0.02311244019957973
2.9480000000000004	0.022771668599247095
2.95	0.022432829420564758
2.9520000000000004	0.022095946910314742
2.954	0.021761045822713924
2.9560000000000004	0.021428151432044774
2.958	0.0210972895456317
2.9600000000000004	0.020768486517164148
2.962	0.02044176926038513
2.9640000000000004	0.02011716526315064
2.966	0.01979470260187381
2.9680000000000004	0.019474409956362373
2.97	0.019156316625063435
2.9720000000000004	0.018840452540727335
2.974	0.018526848286501616
2.9760000000000004	0.01821553511246944
2.978	0.017906544952644265
2.9800000000000004	0.0175999104424364
2.982	0.01729566493660226
2.9840000000000004	0.0169938425276947
2.986	0.016694478065026823
2.9880000000000004	0.016397607174164774
2.99	0.016103266276965976
2.9920000000000004	0.015811492612180175
2.994	0.0155223242566282
2.9960000000000004	0.015235800146976671
2.998	0.014951960102128181
3.0000000000000004	0.014670844846242648
3.0020000000000002	0.014392496032410721
3.0040000000000004	0.014116956266999455
3.0060000000000002	0.01384426913468962
3.0080000000000005	0.013574479224224308
3.0100000000000002	0.01330763215489479
3.0120000000000005	0.013043774603780244
3.0140000000000002	0.01278295433376936
3.016	0.012525220222383657
3.0180000000000002	0.012270622291430507
3.02	0.012019211737506948
3.0220000000000002	0.011771040963385764
3.024	0.01152616361030373
3.0260000000000002	0.011284634591185843
3.028	0.011046510124830789
3.0300000000000002	0.010811847771087284
3.032	0.010580706467052349
3.0340000000000003	0.010353146564321406
3.036	0.010129229867324141
3.0380000000000003	0.009909019672776631
3.04	0.009692580810286499
3.0420000000000003	0.009479979684143968
3.044	0.009271284316336224
3.0460000000000003	0.009066564390821529
3.048	0.008865891299101604
3.0500000000000003	0.008669338187131944
3.052	0.008476980003609958
3.0540000000000003	0.00828889354968318
3.056	0.00810515753011997
3.0580000000000003	0.00792585260598808
3.06	0.0077510614488829396
3.0620000000000003	0.00758086879675826
3.064	0.007415361511399887
3.0660000000000003	0.007254628637598189
3.068	0.007098761464065076
3.0700000000000003	0.0069478535861505035
3.072	0.006802000970409947
3.0740000000000003	0.006661302021078343
3.076	0.006525857648506051
3.0780000000000003	0.00639577133961467
3.08	0.006271149230431177
3.0820000000000003	0.006152100180761167
3.084	0.00603873585106203
3.0860000000000003	0.005931170781580243
3.088	0.005829522473816062
3.0900000000000003	0.0057339114743830185
3.092	0.005644461461328026
3.0940000000000003	0.005561299332981807
3.096	0.005484555299409048
3.0980000000000003	0.00541436297653039
3.1	0.005350859482987341
3.1020000000000003	0.00529418553982554
3.104	0.005244485573070651
3.1060000000000003	0.005201907819271958
3.108	0.005166604434092582
3.1100000000000003	0.005138731604021923
3.112	0.005118449661291095
3.1140000000000003	0.005105923202069647
3.116	0.00510132120802249
3.1180000000000003	0.005104817171309745
3.12	0.005116589223107068
3.1220000000000003	0.0051368202657289365
3.124	0.005165698108433617
3.1260000000000003	0.005203415606990722
3.128	0.005250170807088329
3.1300000000000003	0.005306167091659757
3.132	0.005371613332204421
3.1340000000000003	0.0054467240441777596
3.136	0.0055317195465240734
3.1380000000000003	0.005626826125418526
3.14	0.005732276202289066
3.1420000000000003	0.00584830850617702
3.144	0.005975168250498069
3.1460000000000004	0.006113107314253876
3.148	0.006262384427744805
3.1500000000000004	0.006423265362823154
3.152	0.00659602312772067
3.1540000000000004	0.006780938166477391
3.156	0.006978298562984811
3.1580000000000004	0.007188400249651965
3.16	0.007411547220685901
3.1620000000000004	0.007648051749969152
3.164	0.007898234613497179
3.1660000000000004	0.008162425316330423
3.168	0.00844096232398846
3.1700000000000004	0.008734193298202474
3.172	0.0090424753369146
3.1740000000000004	0.009366175218392355
3.176	0.00970566964929905
3.1780000000000004	0.0100613455165322
3.18	0.010433600142608659
3.1820000000000004	0.010822841544348042
3.184	0.01122948869455803
3.1860000000000004	0.011653971786388993
3.188	0.012096732499987483
3.1900000000000004	0.012558224271014936
3.192	0.0130389125605579
3.1940000000000004	0.01353927512589178
3.196	0.014059802291500872
3.1980000000000004	0.014600997219686208
3.2	0.015163376180024193
3.2020000000000004	0.01574746881685543
3.204	0.01635381841390065
3.2060000000000004	0.016982982155004024
3.208	0.017635531379909905
3.2100000000000004	0.018312051833866166
3.212	0.019013143909733837
3.2140000000000004	0.019739422881158413
3.216	0.02049151912522393
3.2180000000000004	0.02127007833286724
3.22	0.02207576170517087
3.2220000000000004	0.022909246133506252
3.224	0.023771224361290515
3.2260000000000004	0.024662405124970782
3.228	0.025583513271612564
3.2300000000000004	0.02653528985028516
3.232	0.027518492174189155
3.2340000000000004	0.028533893850242718
3.236	0.02958228477257563
3.2380000000000004	0.030664471076128765
3.24	0.03178127504624657
3.2420000000000004	0.032933534979876465
3.244	0.03412210499364202
3.2460000000000004	0.03534785477376422
3.248	0.03661166926241688
3.2500000000000004	0.037914448274770994
3.2520000000000002	0.039257106040600905
3.2540000000000004	0.040640570663915514
3.2560000000000002	0.04206578349371249
3.2580000000000005	0.04353369839850239
3.2600000000000002	0.04504528093685573
3.2620000000000005	0.04660150741577838
3.2640000000000002	0.048203363828298144
3.2660000000000005	0.04985184466119263
3.2680000000000002	0.05154795156338809
3.2700000000000005	0.05329269186507762
3.2720000000000002	0.05508707693725594
3.2740000000000005	0.05693212038090724
3.2760000000000002	0.05882883603475591
3.2780000000000005	0.06077823579011976
3.2800000000000002	0.06278132720110967
3.2820000000000005	0.06483911087817618
3.2840000000000003	0.06695257765279021
3.2860000000000005	0.06912270550095631
3.2880000000000003	0.07135045621319626
3.29	0.0736367717987364
3.2920000000000003	0.07598257061178305
3.294	0.07838874318814475
3.2960000000000003	0.08085614778088124
3.298	0.08338560558434778
3.3000000000000003	0.08597789563682925
3.302	0.08863374939303274
3.3040000000000003	0.09135384495901416
3.306	0.09413880098368196
3.3080000000000003	0.09698917020289446
3.31	0.09990543263436297
3.3120000000000003	0.10288798842406195
3.314	0.10593715034779709
3.3160000000000003	0.10905313597483862
3.318	0.11223605950419074
3.3200000000000003	0.11548592328828779
3.322	0.11880260906335342
3.3240000000000003	0.12218586891079325
3.326	0.1256353159793789
3.3280000000000003	0.12915041500396532
3.33	0.13273047266279508
3.3320000000000003	0.1363746278222649
3.334	0.14008184172511115
3.3360000000000003	0.14385088818554004
3.338	0.14768034386244483
3.3400000000000003	0.1515685786899
3.342	0.15551374655203504
3.3440000000000003	0.159513776297423
3.346	0.16356636319591575
3.3480000000000003	0.16766896094835088
3.35	0.17181877436662676
3.3520000000000003	0.17601275284785833
3.354	0.18024758477191707
3.3560000000000003	0.18451969295590326
3.358	0.1888252313021233
3.3600000000000003	0.193160082777641
3.362	0.19751985886301526
3.3640000000000003	0.20189990060543558
3.366	0.20629528140683398
3.3680000000000003	0.21070081167025154
3.37	0.21511104541808937
3.3720000000000003	0.21952028898312492
3.374	0.22392261185783355
3.3760000000000003	0.22831185976906437
3.378	0.23268167002401488
3.3800000000000003	0.2370254891492909
3.382	0.24133659281832823
3.3840000000000003	0.24560810803358105
3.386	0.2498330374988982
3.3880000000000003	0.2540042860852429
3.39	0.2581146892594954
3.3920000000000003	0.2621570433123553
3.394	0.2661241371878735
3.3960000000000004	0.27000878568470565
3.398	0.27380386376846066
3.4000000000000004	0.2775023417063859
3.402	0.2810973207107238
3.4040000000000004	0.2845820687562366
3.406	0.28795005622124564
3.4080000000000004	0.29119499099067286
3.41	0.294310852654415
3.4120000000000004	0.2972919254354991
3.414	0.3001328294897058
3.4160000000000004	0.3028285502321834
3.418	0.3053744653665179
3.4200000000000004	0.3077663693177247
3.422	0.3100004948021739
3.4240000000000004	0.31207353130389437
3.426	0.3139826402673512
3.4280000000000004	0.3157254668607943
3.43	0.3173001482106364
3.4320000000000004	0.3187053180550909
3.434	0.3199401078134222
3.4360000000000004	0.32100414411461303
3.438	0.3218975428750214
3.4400000000000004	0.32262090005782873
3.442	0.32317527928681544
3.4440000000000004	0.32356219652265383
3.446	0.32378360204086565
3.4480000000000004	0.32384185997623993
3.45	0.3237397257189382
3.4520000000000004	0.3234803214621159
3.454	0.3230671102100513
3.4560000000000004	0.3225038685594605
3.458	0.3217946585651747
3.4600000000000004	0.3209437989950232
3.462	0.31995583626814117
3.4640000000000004	0.3188355153564377
3.466	0.3175877509112278
3.4680000000000004	0.3162175988566345
3.47	0.31473022866895123
3.4720000000000004	0.3131308965372618
3.474	0.311424919575817
3.4760000000000004	0.30961765123357926
3.478	0.30771445802128555
3.4800000000000004	0.3057206976519941
3.482	0.30364169866755586
3.4840000000000004	0.301482741601173
3.486	0.29924904170545763
3.4880000000000004	0.29694573325627804
3.49	0.29457785542543036
3.4920000000000004	0.29215033969974047
3.494	0.289667998810757
3.4960000000000004	0.2871355171275625
3.498	0.28455744245563186
3.5000000000000004	0.2819381791766175
3.5020000000000002	0.27928198265785165
3.5040000000000004	0.2765929548555518
3.5060000000000002	0.2738750410326586
3.5080000000000005	0.27113202751018395
3.5100000000000002	0.26836754037034805
3.5120000000000005	0.26558504502993063
3.5140000000000002	0.2627878466035306
3.5160000000000005	0.2599790909783342
3.5180000000000002	0.25716176652445766
3.5200000000000005	0.2543387063680914
3.5220000000000002	0.2515125911580217
3.5240000000000005	0.2486859522599317
3.5260000000000002	0.24586117531672488
3.5280000000000005	0.24304050411734268
3.5300000000000002	0.24022604472052184
3.5320000000000005	0.237419769784225
3.5340000000000003	0.23462352305544507
3.5360000000000005	0.23183902397919248
3.5380000000000003	0.22906787238925413
3.5400000000000005	0.22631155324709162
3.5420000000000003	0.2235714413987992
3.5440000000000005	0.22084880632334525
3.5460000000000003	0.21814481684855344
3.5480000000000005	0.21546054581417065
3.5500000000000003	0.21279697466418843
3.5520000000000005	0.21015499795305806
3.5540000000000003	0.20753542775282907
3.5560000000000005	0.20493899795036158
3.5580000000000003	0.20236636842571668
3.5600000000000005	0.1998181291046146
3.5620000000000003	0.1972948038794045
3.564	0.19479685439445887
3.5660000000000003	0.1923246836931704
3.568	0.1898786397248378
3.5700000000000003	0.18745901871075035
3.572	0.18506606836965767
3.5740000000000003	0.18269999100352
3.576	0.18036094644515704
3.5780000000000003	0.17804905486993344
3.58	0.17576439947408998
3.5820000000000003	0.17350702902273354
3.584	0.17127696027083514
3.5860000000000003	0.1690741802608082
3.588	0.16689864850050856
3.5900000000000003	0.1647502990255573
3.592	0.16262904235011252
3.5940000000000003	0.1605347673101796
3.596	0.15846734280367475
3.5980000000000003	0.15642661943138436
3.6	0.15441243104304436
3.6020000000000003	0.15242459619259352
3.604	0.15046291950674687
3.6060000000000003	0.1485271929708205
3.608	0.14661719713575472
3.6100000000000003	0.14473270225014095
3.612	0.1428734693209473
3.6140000000000003	0.1410392511065448
3.616	0.13922979304551547
3.6180000000000003	0.13744483412458453
3.62	0.13568410768892697
3.6220000000000003	0.1339473421979304
3.624	0.13223426192943205
3.6260000000000003	0.13054458763524585
3.628	0.12887803715075333
3.6300000000000003	0.12723432596114922
3.632	0.12561316772683467
3.6340000000000003	0.12401427477034956
3.636	0.12243735852709492
3.6380000000000003	0.12088212996200495
3.64	0.119348299954199
3.6420000000000003	0.1178355796515839
3.644	0.11634368079722149
3.6460000000000004	0.11487231602921337
3.648	0.11342119915576777
3.6500000000000004	0.11199004540699296
3.652	0.11057857166491522
3.6540000000000004	0.10918649667309975
3.656	0.10781354122721398
3.6580000000000004	0.10645942834775597
3.66	0.10512388343614992
3.6620000000000004	0.10380663441528361
3.664	0.10250741185556354
3.6660000000000004	0.10122594908744399
3.668	0.09996198230137318
3.6700000000000004	0.09871525063600751
3.672	0.09748549625553551
3.6740000000000004	0.09627246441685991
3.676	0.09507590352736665
3.6780000000000004	0.09389556519395643
3.68	0.0927312042639903
3.6820000000000004	0.0915825788587165
3.684	0.09044945039976804
3.6860000000000004	0.0893315836292382
3.688	0.08822874662383158
3.6900000000000004	0.08714071080354899
3.692	0.08606725093533883
3.6940000000000004	0.08500814513212067
3.696	0.08396317484754913
3.6980000000000004	0.08293212486688344
3.7	0.08191478329428194
3.7020000000000004	0.08091094153683591
3.704	0.07992039428562332
3.7060000000000004	0.07894293949406454
3.708	0.07797837835380576
3.7100000000000004	0.07702651526839495
3.712	0.07608715782493986
3.7140000000000004	0.07516011676396518
3.716	0.07424520594765861
3.7180000000000004	0.07334224232666611
3.72	0.07245104590562225
3.7220000000000004	0.07157143970754559
3.724	0.07070324973725188
3.7260000000000004	0.0698463049439121
3.728	0.0690004371828782
3.7300000000000004	0.06816548117688168
3.732	0.06734127447672093
3.7340000000000004	0.06652765742152164
3.736	0.06572447309866276
3.7380000000000004	0.0649315673034545
3.74	0.06414878849863502
3.7420000000000004	0.06337598777376406
3.744	0.06261301880457112
3.7460000000000004	0.06185973781231769
3.748	0.061116003523231974
3.7500000000000004	0.06038167712805935
3.7520000000000002	0.05965662224177722
3.7540000000000004	0.05894070486351412
3.7560000000000002	0.05823379333671086
3.7580000000000005	0.05753575830955908
3.7600000000000002	0.05684647269574026
3.7620000000000005	0.05616581163551012
3.7640000000000002	0.05549365245713045
3.7660000000000005	0.05482987463869316
3.7680000000000002	0.054174359770338576
3.7700000000000005	0.05352699151689909
3.7720000000000002	0.05288765558097436
3.7740000000000005	0.05225623966645902
3.7760000000000002	0.05163263344253223
3.7780000000000005	0.0510167285081139
3.7800000000000002	0.05040841835681066
3.7820000000000005	0.04980759834234105
3.7840000000000003	0.04921416564446401
3.7860000000000005	0.04862801923539949
3.7880000000000003	0.04804905984675748
3.7900000000000005	0.047477189936971344
3.7920000000000003	0.04691231365924018
3.7940000000000005	0.046354336829979886
3.7960000000000003	0.0458031668977839
3.7980000000000005	0.045258712912893975
3.8000000000000003	0.04472088549717753
3.8020000000000005	0.04418959681461115
3.8040000000000003	0.043664760542268644
3.8060000000000005	0.043146291841809944
3.8080000000000003	0.04263410733146732
3.8100000000000005	0.042128125058525305
3.8120000000000003	0.04162826447229048
3.8140000000000005	0.0411344463975468
3.8160000000000003	0.04064659300849107
3.8180000000000005	0.040164627803144656
3.8200000000000003	0.03968847557823496
3.8220000000000005	0.039218062404541065
3.8240000000000003	0.03875331560269901
3.8260000000000005	0.038294163719461496
3.8280000000000003	0.037840536504401445
3.8300000000000005	0.03739236488706031
3.8320000000000003	0.03694958095452936
3.8340000000000005	0.03651211792945779
3.8360000000000003	0.036079910148488666
3.838	0.03565289304110254
3.8400000000000003	0.03523100310887758
3.842	0.03481417790514757
3.8440000000000003	0.03440235601505774
3.846	0.033995477036011905
3.8480000000000003	0.03359348155849819
3.85	0.03319631114729679
3.8520000000000003	0.032803908323053264
3.854	0.03241621654421741
3.8560000000000003	0.03203318018934003
3.858	0.03165474453971801
3.8600000000000003	0.03128085576238629
3.862	0.030911460893446187
3.8640000000000003	0.030546507821726052
3.866	0.03018594527276836
3.8680000000000003	0.02982972279313448
3.87	0.029477790735026325
3.8720000000000003	0.029130100241209687
3.874	0.02878660323024669
3.8760000000000003	0.028447252382016897
3.878	0.028112001123534205
3.8800000000000003	0.02778080361504357
3.882	0.02745361473640003
3.8840000000000003	0.027130390073717984
3.886	0.026811085906291145
3.8880000000000003	0.026495659193772447
3.89	0.026184067563613328
3.8920000000000003	0.02587626929875402
3.894	0.025572223325560372
3.8960000000000004	0.025271889202004003
3.898	0.024975227106078062
3.9000000000000004	0.02468219782444721
3.902	0.02439276274132233
3.9040000000000004	0.024106883827561418
3.906	0.023824523629985894
3.9080000000000004	0.023545645260912088
3.91	0.023270212387892363
3.9120000000000004	0.022998189223660002
3.914	0.022729540516277225
3.9160000000000004	0.022464231539477283
3.918	0.022202228083200024
3.9200000000000004	0.02194349644431782
3.922	0.021688003417543372
3.9240000000000004	0.021435716286520422
3.926	0.021186602815089932
3.9280000000000004	0.02094063123873162
3.93	0.020697770256172605
3.9320000000000004	0.020457989021165135
3.934	0.020221257134424717
3.9360000000000004	0.01998754463572833
3.938	0.01975682199616929
3.9400000000000004	0.019529060110563688
3.942	0.01930423029000748
3.9440000000000004	0.019082304254578634
3.946	0.018863254126184125
3.9480000000000004	0.0186470524215456
3.95	0.018433672045323795
3.9520000000000004	0.018223086283376634
3.954	0.018015268796149685
3.9560000000000004	0.01781019361219431
3.958	0.017607835121813634
3.9600000000000004	0.0174081680708306
3.962	0.017211167554477883
3.9640000000000004	0.017016809011406522
3.966	0.01682506821780919
3.9680000000000004	0.01663592128165852
3.97	0.016449344637055767
3.9720000000000004	0.01626531503868865
3.974	0.01608380955639521
3.9760000000000004	0.01590480556983338
3.978	0.015728280763250745
3.9800000000000004	0.015554213120356588
3.982	0.01538258091928997
3.9840000000000004	0.015213362727685037
3.986	0.015046537397829969
3.9880000000000004	0.014882084061917324
3.99	0.014719982127385674
3.9920000000000004	0.014560211272348226
3.994	0.014402751441108549
3.9960000000000004	0.014247582839761177
3.998	0.01409468593187403
4.	0.013944041434253667
4.002000000000001	0.01379563031278804
4.0040000000000004	0.01364943377836899
4.006	0.013505433282889513
4.008	0.013363610515316926
4.010000000000001	0.013223947397838434
4.0120000000000005	0.01308642608207836
4.014	0.012951028945386366
4.016	0.012817738587193397
4.018000000000001	0.012686537825436023
4.0200000000000005	0.012557409693045692
4.022	0.012430337434503766
4.024	0.012305304502458918
4.026000000000001	0.012182294554407511
4.0280000000000005	0.012061291449433869
4.03	0.01194227924501081
4.032	0.011825242193858537
4.034000000000001	0.011710164740859813
4.0360000000000005	0.011597031520032636
4.038	0.01148582735155683
4.04	0.011376537238854349
4.042000000000001	0.011269146365723343
4.0440000000000005	0.011163640093522697
4.046	0.01106000395840771
4.048	0.010958223668616311
4.050000000000001	0.010858285101802066
4.0520000000000005	0.0107601743024166
4.054	0.010663877479137659
4.056	0.010569381002343777
4.058000000000001	0.010476671401633034
4.0600000000000005	0.010385735363386848
4.062	0.010296559728375444
4.064	0.01020913148940778
4.066000000000001	0.010123437789020518
4.0680000000000005	0.010039465917209507
4.07	0.009957203309200267
4.072	0.00987663754325767
4.074000000000001	0.009797756338534264
4.0760000000000005	0.00972054755295563
4.078	0.009644999181142934
4.08	0.009571099352371812
4.082000000000001	0.009498836328566003
4.0840000000000005	0.009428198502326565
4.086	0.009359174394994433
4.088	0.009291752654746686
4.090000000000001	0.009225922054725949
4.0920000000000005	0.009161671491201045
4.094	0.009098989981760123
4.096	0.009037866663534155
4.098000000000001	0.008978290791450783
4.1000000000000005	0.008920251736518139
4.102	0.008863738984137922
4.104	0.008808742132446366
4.106000000000001	0.008755250890684444
4.1080000000000005	0.00870325507759471
4.11	0.00865274461984554
4.112	0.008603709550481934
4.114	0.008556140007402025
4.1160000000000005	0.008510026231859796
4.118	0.008465358566991701
4.12	0.00842212745636945
4.122	0.008380323442575175
4.1240000000000006	0.008339937165801718
4.126	0.008300959362475446
4.128	0.008263380863901859
4.13	0.008227192594933775
4.132000000000001	0.008192385572661437
4.134	0.008158950905124186
4.136	0.008126879790043055
4.138	0.008096163513574754
4.140000000000001	0.008066793449085041
4.142	0.008038761055943136
4.144	0.008012057878335177
4.146	0.007986675544097108
4.148000000000001	0.00796260576356653
4.15	0.007939840328453168
4.152	0.007918371110727247
4.154	0.007898190061526505
4.156000000000001	0.007879289210080156
4.158	0.007861660662650278
4.16	0.007845296601490432
4.162	0.007830189283820451
4.164000000000001	0.007816331040818088
4.166	0.007803714276626693
4.168	0.007792331467377967
4.17	0.007782175160231263
4.172000000000001	0.007773237972427211
4.174	0.007765512590356935
4.176	0.007758991768645455
4.178	0.00775366832924984
4.180000000000001	0.007749535160571452
4.182	0.007746585216581852
4.184	0.007744811515962853
4.186	0.007744207141259522
4.188000000000001	0.007744765238046864
4.19	0.00774647901410881
4.192	0.007749341738630625
4.194	0.007753346741403348
4.196000000000001	0.007758487412040838
4.198	0.007764757199208625
4.2	0.007772149609864803
4.202	0.0077806582085125095
4.204000000000001	0.0077902766164639715
4.206	0.00780099851111573
4.208	0.007812817625234714
4.21	0.007825727746255848
4.212000000000001	0.007839722715589425
4.214	0.007854796427939922
4.216	0.007870942830634223
4.218	0.00788815592296096
4.220000000000001	0.007906429755518984
4.222	0.007925758429576032
4.224	0.007946136096437163
4.226	0.007967556956822278
4.228000000000001	0.007990015260253292
4.23	0.008013505304450512
4.232	0.008038021434737431
4.234	0.008063558043455021
4.236000000000001	0.008090109569384659
4.238	0.008117670497179248
4.24	0.008146235356802884
4.242	0.008175798722979083
4.244000000000001	0.008206355214646804
4.246	0.00823789949442454
4.248	0.008270426268082474
4.25	0.008303930284021868
4.252000000000001	0.008338406332763065
4.2540000000000004	0.008373849246439552
4.256	0.008410253898300645
4.258	0.008447615202220789
4.260000000000001	0.008485928112215947
4.2620000000000005	0.008525187621967373
4.264	0.008565388764351766
4.266	0.008606526610978882
4.268000000000001	0.008648596271734742
4.2700000000000005	0.008691592894332766
4.272	0.008735511663869985
4.274	0.00878034780239064
4.276000000000001	0.008826096568455665
4.2780000000000005	0.008872753256717835
4.28	0.008920313197503867
4.282	0.008968771756401586
4.284000000000001	0.009018124333853541
4.2860000000000005	0.009068366364756199
4.288	0.009119493318064628
4.29	0.009171500696402891
4.292000000000001	0.009224384035679914
4.2940000000000005	0.009278138904710869
4.296	0.009332760904843494
4.298	0.00938824566959022
4.300000000000001	0.009444588864264705
4.3020000000000005	0.009501786185624042
4.304	0.009559833361515847
4.306	0.00961872615052977
4.308000000000001	0.00967846034165443
4.3100000000000005	0.009739031753938785
4.312	0.009800436236158295
4.314	0.009862669666485503
4.316000000000001	0.00992572795216536
4.3180000000000005	0.009989607029194766
4.32	0.010054302862007015
4.322	0.010119811443159637
4.324000000000001	0.010186128793027518
4.3260000000000005	0.01025325095949946
4.328	0.010321174017679208
4.33	0.010389894069590537
4.332000000000001	0.010459407243886188
4.3340000000000005	0.010529709695560597
4.336	0.010600797605667128
4.338	0.01067266718103841
4.340000000000001	0.010745314654010747
4.3420000000000005	0.010818736282152172
4.344	0.010892928347994315
4.346	0.010967887158767575
4.348000000000001	0.011043609046139866
4.3500000000000005	0.011120090365959089
4.352	0.01119732749799896
4.354	0.01127531684570764
4.356000000000001	0.011354054835960843
4.3580000000000005	0.011433537918817115
4.36	0.01151376256727654
4.362	0.011594725277043468
4.364000000000001	0.011676422566291231
4.3660000000000005	0.011758850975430751
4.368	0.011842007066881568
4.37	0.011925887424846283
4.372000000000001	0.012010488655088305
4.3740000000000006	0.012095807384711228
4.376	0.012181840261942245
4.378	0.012268583955918176
4.380000000000001	0.012356035156473696
4.382000000000001	0.01244419057393309
4.384	0.012533046938903891
4.386	0.01262260100207376
4.388	0.0127128495340099
4.390000000000001	0.012803789324960735
4.392	0.012895417184660618
4.394	0.012987729942136202
4.396	0.013080724445516353
4.398000000000001	0.013174397561843935
4.4	0.013268746176889524
4.402	0.013363767194968533
4.404	0.013459457538759573
4.406000000000001	0.013555814149126417
4.408	0.013652833984940193
4.41	0.013750514022906406
4.412	0.01384885125739164
4.414000000000001	0.013947842700254393
4.416	0.014047485380676643
4.418	0.014147776344998336
4.42	0.014248712656553753
4.422000000000001	0.014350291395509682
4.424	0.014452509658705771
4.426	0.014555364559497009
4.428	0.014658853227597819
4.430000000000001	0.014762972808928413
4.432	0.014867720465463021
4.434	0.014973093375079372
4.436	0.015079088731411007
4.438000000000001	0.01518570374370088
4.44	0.015292935636656664
4.442	0.015400781650307718
4.444	0.015509239039864488
4.446000000000001	0.01561830507557902
4.448	0.0157279770426071
4.45	0.015838252240872583
4.452	0.01594912798493288
4.454000000000001	0.016060601603846297
4.456	0.016172670441041197
4.458	0.01628533185418593
4.46	0.016398583215061543
4.462000000000001	0.01651242190943465
4.464	0.01662684533693323
4.466	0.016741850910922798
4.468	0.016857436058384606
4.470000000000001	0.01697359821979487
4.472	0.017090334849006288
4.474	0.01720764341312982
4.476	0.017325521392418945
4.478000000000001	0.017443966280154367
4.48	0.017562975582530792
4.482	0.01768254681854481
4.484	0.017802677519883455
4.486000000000001	0.01792336523081559
4.488	0.018044607508082847
4.49	0.018166401920793124
4.492	0.01828874605031426
4.494000000000001	0.018411637490170503
4.496	0.018535073845938162
4.498	0.018659052735144007
4.5	0.018783571787164454
4.502000000000001	0.018908628643125612
4.5040000000000004	0.01903422095580445
4.506	0.019160346389532186
4.508	0.019287002620096985
4.510000000000001	0.019414187334649197
4.5120000000000005	0.01954189823160703
4.514	0.01967013302056398
4.516	0.019798889422196177
4.518000000000001	0.019928165168171683
4.5200000000000005	0.020057958001060812
4.522	0.020188265674246877
4.524	0.020319085951838557
4.526000000000001	0.020450416608582933
4.5280000000000005	0.02058225542977933
4.53	0.02071460021119495
4.532	0.0208474487589802
4.534000000000001	0.020980798889586268
4.5360000000000005	0.0211146484296827
4.538	0.021248995216075903
4.54	0.021383837095629618
4.542000000000001	0.021519171925184977
4.5440000000000005	0.021654997571482
4.546	0.021791311911082346
4.548	0.021928112830291942
4.550000000000001	0.02206539822508547
4.5520000000000005	0.02220316600103164
4.554	0.022341414073217863
4.556	0.022480140366177962
4.558000000000001	0.02261934281381849
4.5600000000000005	0.02275901935934795
4.562	0.022899167955205007
4.564	0.02303978656298818
4.566000000000001	0.02318087315338695
4.5680000000000005	0.02332242570611228
4.57	0.023464442209828983
4.572	0.02360692066208869
4.574000000000001	0.02374985906926274
4.5760000000000005	0.023893255446476556
4.578	0.02403710781754485
4.58	0.024181414214906837
4.582000000000001	0.024326172679562563
4.5840000000000005	0.02447138126101022
4.586	0.02461703801718278
4.588	0.02476314101438782
4.590000000000001	0.024909688327245112
4.5920000000000005	0.025056678038626812
4.594	0.025204108239597785
4.596	0.02535197702935628
4.598000000000001	0.02550028251517538
4.6000000000000005	0.02564902281234537
4.602	0.025798196044116116
4.604	0.025947800341640726
4.606000000000001	0.02609783384391926
4.6080000000000005	0.026248294697743153
4.61	0.026399181057640813
4.612	0.026550491085822678
4.614000000000001	0.026702222952127555
4.6160000000000005	0.026854374833969876
4.618	0.027006944916286035
4.62	0.02715993139148359
4.622000000000001	0.02731333245938859
4.6240000000000006	0.02746714632719526
4.626	0.027621371209414613
4.628	0.027776005327825187
4.630000000000001	0.027931046911423604
4.632000000000001	0.028086494196374902
4.634	0.028242345425964398
4.636	0.028398598850549975
4.638000000000001	0.028555252727514215
4.640000000000001	0.028712305321217435
4.642	0.0288697549029509
4.644	0.02902759975089131
4.646000000000001	0.029185838150054832
4.648000000000001	0.029344468392251508
4.65	0.029503488776041573
4.652	0.029662897606690358
4.654000000000001	0.029822693196124385
4.656000000000001	0.02998287386288879
4.658	0.03014343793210371
4.66	0.03030438373542177
4.662	0.03046570961098616
4.664000000000001	0.030627413903389272
4.666	0.03078949496363036
4.668	0.03095195114907618
4.67	0.031114780823419005
4.672000000000001	0.03127798235663767
4.674	0.031441554124957305
4.676	0.031605494510810066
4.678	0.03176980190279674
4.680000000000001	0.03193447469564721
4.682	0.03209951129018361
4.684	0.0322649100932814
4.686	0.03243066951783232
4.688000000000001	0.03259678798270745
4.69	0.03276326391272057
4.692	0.03293009573859129
4.694	0.033097281896909844
4.696000000000001	0.03326482083010047
4.698	0.03343271098638711
4.7	0.03360095081975746
4.702	0.033769538789928694
4.704000000000001	0.03393847336231385
4.706	0.03410775300798628
4.708	0.03427737620364733
4.71	0.03444734143159245
4.712000000000001	0.03461764717967797
4.714	0.03478829194128881
4.716	0.03495927421530566
4.718	0.03513059250607267
4.720000000000001	0.03530224532336651
4.722	0.03547423118236368
4.724	0.035646548603609884
4.726	0.03581919611298934
4.728000000000001	0.035992172241693175
4.73	0.03616547552619011
4.732	0.03633910450819571
4.734	0.03651305773464224
4.736000000000001	0.036687333757650036
4.738	0.03686193113449749
4.74	0.03703684842759217
4.742	0.037212084204442226
4.744000000000001	0.03738763703762755
4.746	0.037563505504771916
4.748	0.037739688188514725
4.75	0.037916183676483216
4.752000000000001	0.03809299056126549
4.7540000000000004	0.03827010744038238
4.756	0.03844753291626104
4.758	0.03862526559620831
4.760000000000001	0.038803304092383584
4.7620000000000005	0.03898164702177318
4.764	0.03916029300616378
4.766	0.03933924067211682
4.768000000000001	0.03951848865094283
4.7700000000000005	0.039698035578676086
4.772	0.03987788009604962
4.774	0.040058020848470044
4.776000000000001	0.0402384564859925
4.7780000000000005	0.04041918566329706
4.78	0.04060020703966375
4.782	0.04078151927894864
4.784000000000001	0.04096312104955984
4.7860000000000005	0.04114501102443416
4.788	0.04132718788101341
4.79	0.04150965030122123
4.792000000000001	0.04169239697143972
4.7940000000000005	0.04187542658248693
4.796	0.042058737829594295
4.798	0.04224232941238393
4.800000000000001	0.04242620003484592
4.8020000000000005	0.042610348405316925
4.804	0.04279477323645811
4.806	0.04297947324523321
4.808000000000001	0.043164447152886753
4.8100000000000005	0.04334969368492344
4.812	0.04353521157108615
4.814	0.04372099954533544
4.816000000000001	0.04390705634582868
4.8180000000000005	0.04409338071489857
4.82	0.04427997139903434
4.822	0.04446682714885948
4.824000000000001	0.04465394671911337
4.8260000000000005	0.04484132886862937
4.828	0.04502897236031662
4.83	0.04521687596113985
4.832000000000001	0.045405038442099574
4.8340000000000005	0.04559345857821266
4.836	0.04578213514849397
4.838	0.04597106693593663
4.840000000000001	0.04616025272749264
4.8420000000000005	0.046349691314055634
4.844	0.04653938149044073
4.846	0.04672932205536728
4.848000000000001	0.046919511811439635
4.8500000000000005	0.04710994956512971
4.852	0.047300634126758584
4.854	0.04749156431047863
4.856000000000001	0.04768273893425612
4.8580000000000005	0.047874156819853214
4.86	0.04806581679281081
4.862	0.048257717682431436
4.864000000000001	0.04844985832176127
4.8660000000000005	0.04864223754757371
4.868	0.04883485420035285
4.87	0.049027707124275746
4.872000000000001	0.04922079516719611
4.8740000000000006	0.049414117180628506
4.876	0.04960767201973058
4.878	0.04980145854328827
4.880000000000001	0.049995475613698694
4.882000000000001	0.0501897220969541
4.884	0.0503841968626266
4.886	0.05057889878385187
4.888000000000001	0.05077382673731399
4.890000000000001	0.05096897960322902
4.892	0.05116435626533014
4.894	0.05135995561085276
4.896000000000001	0.05155577653051853
4.898000000000001	0.05175181791852063
4.9	0.05194807867250887
4.902	0.05214455769357447
4.904000000000001	0.05234125388623551
4.906000000000001	0.0525381661584227
4.908	0.052735293421463734
4.91	0.05293263459007035
4.912000000000001	0.0531301885823226
4.914000000000001	0.05332795431965553
4.916	0.05352593072684478
4.918	0.05372411673199221
4.920000000000001	0.053922511266512776
4.922000000000001	0.05412111326511971
4.924	0.054319921665812
4.926	0.05451893540985942
4.928000000000001	0.05471815344178985
4.930000000000001	0.05491757470937615
4.932	0.0551171981636218
4.934	0.0553170227587482
4.936	0.055517047452181986
4.938000000000001	0.05571727120454108
4.94	0.055917692979622194
4.942	0.05611831174438805
4.944	0.05631912646895457
4.946000000000001	0.05652013612657755
4.948	0.056721339693641376
4.95	0.056922736149644645
4.952	0.057124324477189826
4.954000000000001	0.057326103661968886
4.956	0.05752807269275283
4.958	0.05773023056137819
4.96	0.057932576262735215
4.962000000000001	0.058135108794756515
4.964	0.058337827158404375
4.966	0.058540730357659124
4.968	0.058743817399507514
4.970000000000001	0.05894708729393078
4.972	0.059150539053893315
4.974	0.05935417169533054
4.976	0.05955798423713818
4.978000000000001	0.05976197570116053
4.98	0.05996614511217865
4.982	0.06017049149790042
4.984	0.06037501388894769
4.986000000000001	0.06057971131884629
4.988	0.06078458282401503
4.99	0.06098962744375408
4.992	0.061194844220234655
4.994000000000001	0.0614002321984879
4.996	0.06160579042639407
4.998	0.06181151795467229
5.	0.06201741383686971